# Stereo camera calibration report
# Generated by kinect-stereo-calib - MRPT at Thu Jun 27 10:26:55 2019
# (This file is loadable from rawlog-edit and other MRPT tools)
# ---------------------------------------------------------------------

# Left camera (IR/Depth in Kinect) calibration parameters (and 95% confidence intervals):
[CAMERA_PARAMS_LEFT]
resolution = [640 400]
cx         = 325.319037  // +/- 0.010
cy         = 193.160244  // +/- 0.010
fx         = 399.243805  // +/- 0.035
fy         = 402.585607  // +/- 0.061
dist       = [4.847037e-02 -8.923901e-02 0.000000e+00 0.000000e+00 0.000000e+00]    // The order is: [K1 K2 T1 T2 K3]

# Right camera (RGB in Kinect) calibration parameters  (and 95% confidence intervals):
[CAMERA_PARAMS_RIGHT]
resolution = [640 480]
cx         = 328.784525  // +/- 0.010
cy         = 271.882474  // +/- 0.010
fx         = 518.846175  // +/- 0.056
fy         = 515.942882  // +/- 0.045
dist       = [5.665581e-03 3.216454e-02 0.000000e+00 0.000000e+00 0.000000e+00]    // The order is: [K1 K2 T1 T2 K3]

# Relative pose of the right camera wrt to the left camera:
# This assumes that both camera frames are such that +Z points
# forwards, and +X and +Y to the right and downwards.
[CAMERA_PARAMS_LEFT2RIGHT_POSE]
translation_only     = [4.151911e-01 8.114919e-02 6.423758e-02]
rotation_matrix_only = [8.3232199612067e-01 1.9500224671108e-01 -5.1885857278389e-01 ;-1.5665778776799e-01 9.8066706217902e-01 1.1726231572337e-01 ;5.3169392727898e-01 -1.6316768515824e-02 8.4677938730218e-01 ]
pose_yaw_pitch_roll  = [0.415191 0.081149 0.064238 -10.659378 -32.119978 -1.103908]  // (YPR in degrees)
pose_quaternion      = [0.415191 0.081149 0.064238 0.956526 -0.034913 -0.274575 -0.091911]

# Info about calibration parameters:
[CALIB_METAINFO]
number_good_cheesboards = 33
average_reprojection_error = 1.147190 // RMSE pixels
cheesboard_nx = 8
cheesboard_ny = 6
cheesboard_square_size_x = 0.025400 // (m)
cheesboard_square_size_y = 0.025400 // (m)

