# oST version 5.0 parameters


[image]

width
640

height
400

[narrow_stereo/left]

camera matrix
401.879376 0.000000 322.688473
0.000000 401.643966 206.384999
0.000000 0.000000 1.000000

distortion
0.022059 -0.049674 0.005524 -0.003408 0.000000

rectification
0.975672 0.182883 0.120903
-0.177275 0.982583 -0.055710
-0.128986 0.032922 0.991100

projection
1408.412687 0.000000 425.481670 0.000000
0.000000 1408.412687 209.103025 0.000000
0.000000 0.000000 1.000000 0.000000

# oST version 5.0 parameters


[image]

width
640

height
400

[narrow_stereo/right]

camera matrix
522.814992 0.000000 324.249559
0.000000 522.801882 262.864201
0.000000 0.000000 1.000000

distortion
0.184204 -0.338419 0.001726 0.006664 0.000000

rectification
0.848745 0.357483 -0.389664
-0.339027 0.933368 0.117833
0.405823 0.032097 0.913388

projection
1408.412687 0.000000 425.481670 -602.392933
0.000000 1408.412687 209.103025 0.000000
0.000000 0.000000 1.000000 0.000000

